Area: Normal,1.0659501163342948,0.7512439245641067,1.493085003940028,0.5921225855842861,1.6515932543800453,0.8351120264252793,1.0367369359316514,0.6378623832999196,0.6572399852993466,0.4283946395645725
Perimeter: Normal,1.1953362309289626,0.41969602516427107,1.5753184586921942,0.559889238420077,1.2989530768327513,0.5388620172076111,1.2211847855616353,0.458827900004222,0.7317337569917999,0.5036729680025528
MajorAxisLength: Normal,1.2565313785347239,0.6259580210530868,1.1968891764739902,0.7258511381646016,1.2982665043765629,0.728236374953591,1.2432890376875143,0.6230723642585514,1.0675908241352297,0.6538416600256659
MinorAxisLength: Normal,0.8434911504884457,0.7432998693978453,1.250402400506707,0.5744405536424134,1.3765932133791794,0.5761853409426398,0.9548873455727929,0.5769216592159773,1.0001169748050607,0.6612782665096478
AspectRatio: Normal,1.20158992420456,0.8331180856299367,1.6466752083912166,0.5551758948280232,1.5897824853152764,0.7628420489412938,1.6105322132000155,0.7741472958440129,1.0989385299366237,0.63006978462848
Eccentricity: Normal,1.049077641223011,0.3386255886621861,1.426426519637791,0.7695484583142179,1.4963547709310705,0.4863057065237396,1.298164158035387,0.6276576374009418,1.1065946990661226,0.47728600474903576
ConvexArea: Normal,0.9222943331271347,0.7434288517621496,1.3940439790837176,0.5692103404488884,1.4999959708108483,0.8505757285382506,1.0666735539513987,1.0363021374306922,1.0033392103931416,0.629838302383571
EquivDiameter: Normal,0.9692632097444767,0.5732273668123407,1.701225354997104,0.4182507065761981,1.4612920215997058,0.5562800810765227,1.5697860722081889,0.7381161891369749,0.9194587983974559,0.5889500335065507
Solidity: Normal,1.0751633342952904,0.5056186337764302,1.538198865234259,0.6476369822074707,1.425091850346846,0.6496841977946193,0.966565748447502,0.5142695846935957,1.3318682643929811,0.42237529651148037
Roundness: Normal,1.4174414406551024,0.8557372121528156,1.6928314984345274,0.6705615301780495,1.8106628522318775,0.6977453414395864,1.5946956643691401,0.6667211378128151,0.8650395369792465,0.7759618271307813
Compactness: Normal,1.2445583589467375,0.35004145591912567,1.467967629115966,0.651473451087532,1.4236564003527354,0.6609888921423606,1.5343883657987605,0.6214225260728732,1.0267367160000958,0.6520291415746076
ShapeFactor1: Normal,0.6542716225420078,0.5239124867202907,1.0889343339048434,0.46897757521188066,0.9545405633642549,0.6596408939216556,0.9997345268184722,0.41020694926369805,0.7169971121202349,0.6336609828331229
ShapeFactor2: Normal,0.9588549704767708,0.5672097918171709,1.084738124347083,0.554329748970666,1.212654730515791,0.674926224155143,1.0076588990644089,0.6577465552194065,0.7453464103697851,0.4665950765576531
ShapeFactor3: Normal,0.9672113135566413,0.592547252289091,1.3384934929549075,0.7278183880374831,1.1879220011472484,0.5930298008299829,1.055819641630164,0.5654380483693986,0.64966100879024,0.5864104510014478
ShapeFactor4: Normal,0.9616724798835516,0.7091243983396699,1.6089882072688888,0.6367404745998199,1.2147426362368898,0.7154930506916022,0.942308131179821,0.322116522896409,0.6788773325299126,0.656650993008246
