age: Normal,1.7344857104320788,0.9225801993756282,1.5423729909128003,0.9141770559419762,1.7628061335356129,1.080213048282021,1.556741562174977,0.8222701215844526,1.9942379970673578,0.884400178034554
trestbps: Normal,0.5808539685040504,0.6081129311863556,0.5303866557036384,0.42578058301462757,0.5018814301417371,0.5811806660069048,0.43530776190209897,0.5982731587167385,0.2661363500559128,0.3224767362084023
chol: Normal,0.9436257345326219,0.5302828636016169,0.9141183821619545,0.5634699671311646,0.9853418275778513,0.40766917025498045,0.9229590517632523,0.38734845869219725,0.9064520112153109,0.4328639085023111
thalach: Normal,0.7879709587969468,0.5100543951613964,0.7199067403947514,0.48296910114483677,0.8574916774149426,0.4610309972185629,0.6891039158829189,0.4450244913436506,0.7288254444261775,0.4871143671830868
oldpeak: Normal,1.3209100585187175,0.5188178191660329,1.5038667163755943,0.6538444774393051,1.3853680654865652,0.5296736274548021,1.6328741783195355,0.5955595606174203,1.3155144804939733,0.49687744794141747
ca: Normal,1.7510221198754743,0.4361633666229753,1.7968532142993048,0.4561568880817086,1.96490838433906,0.7102279491963065,1.504351179648962,0.28096717718550834,1.8541313433755362,0.6645080720876521
sex_1: Normal,0.43799857245022444,0.302295158400932,0.5132022702804561,0.4231946016425419,0.6456101760631354,0.49168900542615573,0.5720736032415098,0.5758907955023277,0.539671554207989,0.40840754658727785
cp_4: Normal,0.542557377759999,0.7654572792001885,0.20905457723078827,0.999926895978238,0.2827464066350003,1.1549479870657235,0.5694121464144268,1.055376949567497,0.09868634647525423,0.9068378160324115
restecg_0: Normal,-0.09584870057467001,0.4163017962203179,0.08761192285492822,0.6705674116091448,0.11138773298370955,0.7180330659268958,0.20398943249464097,0.7141465151385167,0.34716558169469597,0.6833076684856654
restecg_2: Normal,0.8556852919101399,0.6651932019292147,0.8812065842286033,0.6727702793007659,0.8190357100885797,0.6872800835864451,0.8304936344253214,0.5849166009773211,1.2154672117078786,0.6548674274594966
exang_1: Normal,1.1575931702517728,0.8380188201210236,1.380104624797934,0.5846096251125651,1.0488830213332148,0.870258205671912,1.5218856422634395,0.9929528908649126,1.3980405182717583,0.8583253229041923
slope_1: Normal,1.4423323457262893,0.4406350771252361,1.0054067605597161,0.5082389762892682,1.3007939792682044,0.48559889192261824,0.84424250581399,0.4329279007253557,1.2640924349002103,0.38142631176118813
slope_2: Normal,1.4639414676061988,0.4627648554728518,1.2315650184733644,0.5050779558678709,1.3125706516129771,0.6303051880336228,1.2660348022778194,0.6166343311843426,1.0174761241420638,0.4276855743656969
thal_3.0: Normal,1.3013507150794452,0.6060778910468372,1.1984191449993868,0.5008602546907076,1.1335053576165541,0.42368815879822447,1.1623762032374783,0.49255891223558845,1.3953565865470798,0.4605614369394457
thal_7.0: Normal,1.3626060289969488,0.3889437774936848,1.3458693951523986,0.4129368656371328,1.3894566068441174,0.4354870449357534,1.2543475315102066,0.4243650994671679,1.2068403742048448,0.27847857561086525
